#Step     Time (s)     dt (s)      Energy in (erg)    Energy out (erg)       dE in (erg)        dE out (erg)  
#
    1   1.0000E-15  1.0000E-15    1.9816644143E-01    1.9816644135E-01    1.9816644143E-01    1.9816644135E-01
    2   2.1000E-15  1.1000E-15    5.8326989261E-01    5.8326989181E-01    3.8510345118E-01    3.8510345046E-01
    3   3.3100E-15  1.2100E-15    1.2090993313E+00    1.2090993268E+00    6.2582943868E-01    6.2582943498E-01
    4   4.6410E-15  1.3310E-15    2.1421926411E+00    2.1421926249E+00    9.3309330984E-01    9.3309329814E-01
    5   6.1051E-15  1.4641E-15    3.4646592040E+00    3.4646591559E+00    1.3224665628E+00    1.3224665310E+00
    6   7.7156E-15  1.6105E-15    5.2776097687E+00    5.2776096431E+00    1.8129505648E+00    1.8129504871E+00
    7   9.4872E-15  1.7716E-15    7.7053225782E+00    7.7053222778E+00    2.4277128095E+00    2.4277126348E+00
    8   1.1436E-14  1.9487E-15    1.0900301966E+01    1.0900301295E+01    3.1949793881E+00    3.1949790174E+00
    9   1.3579E-14  2.1436E-15    1.5049418604E+01    1.5049417181E+01    4.1491166372E+00    4.1491158854E+00
   10   1.5937E-14  2.3579E-15    2.0381360470E+01    2.0381357582E+01    5.3319418664E+00    5.3319404015E+00
   11   1.8531E-14  2.5937E-15    2.7175671937E+01    2.7175666284E+01    6.7943114672E+00    6.7943087023E+00
   12   2.1384E-14  2.8531E-15    3.5773716802E+01    3.5773706035E+01    8.5980448651E+00    8.5980397510E+00
   13   2.4523E-14  3.1384E-15    4.6591971878E+01    4.6591951864E+01    1.0818255075E+01    1.0818245829E+01
   14   2.7975E-14  3.4523E-15    6.0138143387E+01    6.0138107069E+01    1.3546171509E+01    1.3546155205E+01
   15   3.1772E-14  3.7975E-15    7.7030702067E+01    7.7030637711E+01    1.6892558680E+01    1.6892530642E+01
   16   3.5950E-14  4.1772E-15    9.8022558340E+01    9.8022446788E+01    2.0991856273E+01    2.0991809077E+01
   17   4.0545E-14  4.5950E-15    1.2402975073E+02    1.2402956006E+02    2.6007192387E+01    2.6007113275E+01
   18   4.5599E-14  5.0545E-15    1.5616620444E+02    1.5616588276E+02    3.2136453715E+01    3.2136322700E+01
   19   5.1159E-14  5.5599E-15    1.9578583945E+02    1.9578530119E+02    3.9619635014E+01    3.9619418429E+01
   20   5.7275E-14  6.1159E-15    2.4453357644E+02    2.4453268355E+02    4.8747736988E+01    4.8747382355E+01
   21   6.4002E-14  6.7275E-15    3.0440711468E+02    3.0440563805E+02    5.9873538238E+01    5.9872954503E+01
   22   7.1403E-14  7.4002E-15    3.7783175008E+02    3.7782931766E+02    7.3424635400E+01    7.3423679608E+01
   23   7.9543E-14  8.1403E-15    4.6775097846E+02    4.6774692079E+02    8.9919228378E+01    8.9917603131E+01
   24   8.8497E-14  8.9543E-15    5.7773620629E+02    5.7772933984E+02    1.0998522784E+02    1.0998241906E+02
   25   9.8347E-14  9.8497E-15    7.1211958963E+02    7.1210789786E+02    1.3438338333E+02    1.3437855801E+02
   26   1.0918E-13  1.0835E-14    8.7615486687E+02    8.7613489649E+02    1.6403527724E+02    1.6402699863E+02
   27   1.2110E-13  1.1918E-14    1.0762120741E+03    1.0761780345E+03    2.0005720722E+02    2.0004313800E+02
   28   1.3421E-13  1.3110E-14    1.3200132688E+03    1.3199552154E+03    2.4380119467E+02    2.4377718087E+02
   29   1.4863E-13  1.4421E-14    1.6169178856E+03    1.6168190482E+03    2.9690461687E+02    2.9686383280E+02
   30   1.6449E-13  1.5863E-14    1.9782681605E+03    1.9780953218E+03    3.6135027487E+02    3.6127627367E+02
   31   1.8194E-13  1.7449E-14    2.4178072504E+03    2.4175003137E+03    4.3953908990E+02    4.3940499186E+02
   32   2.0114E-13  1.9194E-14    2.9521853322E+03    2.9516420889E+03    5.3437808181E+02    5.3414177522E+02
   33   2.2225E-13  2.1114E-14    3.6015721725E+03    3.6005827166E+03    6.4938684032E+02    6.4894062768E+02
   34   2.4548E-13  2.3225E-14    4.3903985468E+03    4.3885079831E+03    7.8882637426E+02    7.8792526648E+02
   35   2.7102E-13  2.5548E-14    5.3482535869E+03    5.3444477829E+03    9.5785504007E+02    9.5593979985E+02
   36   2.9913E-13  2.8102E-14    6.5109708253E+03    6.5032106849E+03    1.1627172384E+03    1.1587629020E+03
   37   3.3004E-13  3.0913E-14    7.9219425877E+03    7.9057864973E+03    1.4109717624E+03    1.4025758124E+03
   38   3.6404E-13  3.4004E-14    9.6337107145E+03    9.5927817609E+03    1.7117681269E+03    1.6869952636E+03
   39   4.0145E-13  3.7404E-14    1.1709891672E+04    1.1588329521E+04    2.0761809572E+03    1.9955477596E+03
   40   4.4259E-13  4.1145E-14    1.4227506306E+04    1.3947967951E+04    2.5176146344E+03    2.3596384308E+03
   41   4.8785E-13  4.5259E-14    1.7279799258E+04    1.6720034844E+04    3.0522929514E+03    2.7720668922E+03
   42   5.3764E-13  4.9785E-14    2.0979650897E+04    1.9972243664E+04    3.6998516393E+03    3.2522088207E+03
   43   5.9240E-13  5.4764E-14    2.5463706265E+04    2.3999802322E+04    4.4840553685E+03    4.0275586581E+03
   44   6.5264E-13  6.0240E-14    3.0897371635E+04    2.8539820319E+04    5.4336653693E+03    4.5400179962E+03
   45   7.1890E-13  6.6264E-14    3.7480860942E+04    3.4104376769E+04    6.5834893076E+03    5.5645564502E+03
   46   7.9180E-13  7.2890E-14    4.5456512636E+04    4.0445784917E+04    7.9756516940E+03    6.3414081483E+03
   47   8.7197E-13  8.0180E-14    5.5117643781E+04    4.8098819465E+04    9.6611311448E+03    7.6530345475E+03
   48   9.6017E-13  8.8197E-14    6.6819264321E+04    5.7052454864E+04    1.1701620540E+04    8.9536353996E+03
   49   1.0572E-12  9.7017E-14    8.0991042214E+04    6.8552288936E+04    1.4171777893E+04    1.1499834072E+04
   50   1.1639E-12  1.0672E-13    9.8152992208E+04    8.1502951242E+04    1.7161949995E+04    1.2950662305E+04
   51   1.2813E-12  1.1739E-13    1.1893446032E+05    9.8732585124E+04    2.0781468112E+04    1.7229633883E+04
   52   1.4104E-12  1.2913E-13    1.4409709622E+05    1.1663555341E+05    2.5162635895E+04    1.7902968289E+04
   53   1.5344E-12  1.2398E-13    1.7024421392E+05    1.2024117654E+05    2.6147117703E+04    3.6056231312E+03
   54   1.6708E-12  1.3638E-13    2.0157477045E+05    1.4980389119E+05    3.1330556528E+04    2.9562714641E+04
   55   1.8208E-12  1.5001E-13    2.3914654236E+05    1.6709745212E+05    3.7571771917E+04    1.7293560929E+04
   56   1.9858E-12  1.6501E-13    2.8423636475E+05    2.0560074622E+05    4.5089822389E+04    3.8503294107E+04
   57   2.1673E-12  1.8152E-13    3.3838582605E+05    2.2307768049E+05    5.4149461298E+04    1.7476934268E+04
   58   2.3670E-12  1.9967E-13    4.0345652805E+05    2.7805647500E+05    6.5070701998E+04    5.4978794506E+04
   59   2.5866E-12  2.1963E-13    4.8169691668E+05    3.1474552335E+05    7.8240388627E+04    3.6689048353E+04
   60   2.8254E-12  2.3877E-13    5.7458889493E+05    3.9187991988E+05    9.2891978253E+04    7.7134396529E+04
   61   3.0576E-12  2.3218E-13    6.7193440084E+05    4.4619576729E+05    9.7345505910E+04    5.4315847414E+04
   62   3.2869E-12  2.2933E-13    7.7499263051E+05    5.3594546309E+05    1.0305822967E+05    8.9749695798E+04
   63   3.5157E-12  2.2879E-13    8.8471618203E+05    5.3638147638E+05    1.0972355152E+05    4.3601329071E+02
   64   3.7518E-12  2.3607E-13    1.0054067481E+06    6.4709535736E+05    1.2069056608E+05    1.1071388098E+05
   65   3.9871E-12  2.3533E-13    1.1330232779E+06    7.6196297384E+05    1.2761652981E+05    1.1486761647E+05
   66   4.2134E-12  2.2631E-13    1.2623777953E+06    8.5593617337E+05    1.2935451740E+05    9.3973199532E+04
   67   4.4240E-12  2.1054E-13    1.3883554429E+06    9.6918084815E+05    1.2597764754E+05    1.1324467478E+05
   68   4.6245E-12  2.0051E-13    1.5135135427E+06    1.0762071813E+06    1.2515809978E+05    1.0702633316E+05
   69   4.8177E-12  1.9321E-13    1.6389492784E+06    1.1855455909E+06    1.2543573575E+05    1.0933840960E+05
   70   5.0058E-12  1.8809E-13    1.7656742444E+06    1.2963384152E+06    1.2672496596E+05    1.1079282429E+05
   71   5.1893E-12  1.8355E-13    1.8937353079E+06    1.4091461850E+06    1.2806106354E+05    1.1280776984E+05
   72   5.3700E-12  1.8065E-13    2.0240506655E+06    1.5246698881E+06    1.3031535757E+05    1.1552370304E+05
   73   5.5485E-12  1.7853E-13    2.1570210397E+06    1.6432633248E+06    1.3297037422E+05    1.1859343674E+05
   74   5.7229E-12  1.7437E-13    2.2908619446E+06    1.7634024101E+06    1.3384090489E+05    1.2013908529E+05
   75   5.8928E-12  1.6992E-13    2.4250522026E+06    1.8845086377E+06    1.3419025800E+05    1.2110622761E+05
   76   6.0593E-12  1.6649E-13    2.5601590626E+06    2.0070148583E+06    1.3510686003E+05    1.2250622059E+05
   77   6.2233E-12  1.6398E-13    2.6967528480E+06    2.1313805861E+06    1.3659378540E+05    1.2436572783E+05
   78   6.3851E-12  1.6187E-13    2.8350285201E+06    2.2576684167E+06    1.3827567207E+05    1.2628783056E+05
   79   6.5459E-12  1.6082E-13    2.9758162812E+06    2.3866363247E+06    1.4078776106E+05    1.2896790799E+05
   80   6.7034E-12  1.5742E-13    3.1168593143E+06    2.5162670955E+06    1.4104303316E+05    1.2963077078E+05
   81   6.8581E-12  1.5473E-13    3.2586341744E+06    2.6469335089E+06    1.4177486012E+05    1.3066641348E+05
   82   7.0110E-12  1.5292E-13    3.4018200183E+06    2.7792242982E+06    1.4318584391E+05    1.3229078924E+05
   83   7.1623E-12  1.5126E-13    3.5464573294E+06    2.9131646437E+06    1.4463731103E+05    1.3394034555E+05
   84   7.3127E-12  1.5039E-13    3.6932433730E+06    3.0493222003E+06    1.4678604359E+05    1.3615755656E+05
   85   7.4615E-12  1.4879E-13    3.8413753038E+06    3.1869187929E+06    1.4813193084E+05    1.3759659264E+05
   86   7.6081E-12  1.4661E-13    3.9901547312E+06    3.3252976956E+06    1.4877942738E+05    1.3837890270E+05
   87   7.7529E-12  1.4485E-13    4.1399040878E+06    3.4647522430E+06    1.4974935665E+05    1.3945454739E+05
   88   7.8967E-12  1.4374E-13    4.2912237890E+06    3.6058390748E+06    1.5131970114E+05    1.4108683177E+05
   89   8.0394E-12  1.4269E-13    4.4441208067E+06    3.7485477626E+06    1.5289701777E+05    1.4270868780E+05
   90   8.1811E-12  1.4172E-13    4.5986145284E+06    3.8928935589E+06    1.5449372171E+05    1.4434579628E+05
   91   8.3209E-12  1.3986E-13    4.7536574369E+06    4.0378927234E+06    1.5504290847E+05    1.4499916453E+05
   92   8.4596E-12  1.3864E-13    4.9098761775E+06    4.1841289410E+06    1.5621874055E+05    1.4623621757E+05
   93   8.5971E-12  1.3752E-13    5.0673187588E+06    4.3316448525E+06    1.5744258129E+05    1.4751591155E+05
   94   8.7338E-12  1.3665E-13    5.2262226500E+06    4.4806611936E+06    1.5890389126E+05    1.4901634106E+05
   95   8.8699E-12  1.3613E-13    5.3869697384E+06    4.6315353124E+06    1.6074708839E+05    1.5087411885E+05
   96   9.0045E-12  1.3460E-13    5.5482825978E+06    4.7830633877E+06    1.6131285941E+05    1.5152807527E+05
   97   9.1378E-12  1.3327E-13    5.7103380415E+06    4.9354166399E+06    1.6205544362E+05    1.5235325216E+05
   98   9.2700E-12  1.3223E-13    5.8734337942E+06    5.0888664219E+06    1.6309575279E+05    1.5344978210E+05
   99   9.4015E-12  1.3155E-13    6.0379660293E+06    5.2437812176E+06    1.6453223507E+05    1.5491479569E+05
  100   9.5325E-12  1.3096E-13    6.2040260893E+06    5.4002436380E+06    1.6606006002E+05    1.5646242036E+05
  101   9.6622E-12  1.2971E-13    6.3707121227E+06    5.5573932906E+06    1.6668603333E+05    1.5714965255E+05
  102   9.7910E-12  1.2876E-13    6.5383604382E+06    5.7155388818E+06    1.6764831554E+05    1.5814559128E+05
  103   9.9190E-12  1.2805E-13    6.7072419144E+06    5.8749271653E+06    1.6888147617E+05    1.5938828345E+05
  104   1.0047E-11  1.2771E-13    6.8778285025E+06    6.0359960661E+06    1.7058658811E+05    1.6106890083E+05
